101
10000000000 87
10000000001 73
10000000002 74
10000000003 44
10000000004 31
10000000005 48
10000000006 43
10000000007 42
10000000008 86
10000000009 86
10000000010 38
10000000011 89
10000000012 44
10000000013 51
10000000014 21
10000000015 70
10000000016 78
10000000017 51
10000000018 35
10000000019 10
10000000020 35
10000000021 43
10000000022 36
10000000023 10
10000000024 81
10000000025 85
10000000026 22
10000000027 30
10000000028 91
10000000029 76
10000000030 26
10000000031 7
10000000032 14
10000000033 17
10000000034 71
10000000035 2
10000000036 26
10000000037 51
10000000038 45
10000000039 68
10000000040 47
10000000041 71
10000000042 14
10000000043 93
10000000044 28
10000000045 45
10000000046 4
10000000047 77
10000000048 49
10000000049 34
10000000050 64
10000000051 43
10000000052 79
10000000053 66
10000000054 26
10000000055 96
10000000056 100
10000000057 43
10000000058 21
10000000059 7
10000000060 47
10000000061 54
10000000062 7
10000000063 35
10000000064 18
10000000065 84
10000000066 42
10000000067 19
10000000068 24
10000000069 28
10000000070 43
10000000071 24
10000000072 41
10000000073 48
10000000074 79
10000000075 36
10000000076 37
10000000077 86
10000000078 84
10000000079 86
10000000080 59
10000000081 68
10000000082 62
10000000083 96
10000000084 95
10000000085 67
10000000086 10
10000000087 24
10000000088 13
10000000089 40
10000000090 67
10000000091 35
10000000092 50
10000000093 6
10000000094 38
10000000095 93
10000000096 66
10000000097 11
10000000098 9
10000000099 75
10000000100 83
